15.1129
4.96247
3.04927
2.26828
1.83478
1.54662
1.33124
1.15774
1.0113
0.884224
0.77219
0.672612
0.583795
0.504503
0.433733
0.370608
0.314323
0.264134
0.219348
0.179331
0.14351
0.111372
0.0824646
0.0563937
0.0328161
16.0502
24.4317
32.2227
33.4876
34.4109
36.3794
35.4723
34.6201
34.3075
32.341
34.7209
36.1774
35.5125
34.2717
30.4441
34.3832
36.0055
36.9756
35.2292
35.5097
33.6525
34.2767
32.0897
34.2392
35.1709
26.7712
18.8442
14.9371
12.5836
10.9873
9.82102
8.92515
8.21183
7.62839
7.14112
6.72734
6.37117
6.06111
5.78861
5.54716
5.3317
5.13823
4.96357
4.80511
4.66072
4.52862
4.40735
4.29564
4.19243
4.09682
3.22604
2.46466
2.08197
1.83926
1.66592
1.53296
1.42602
1.33709
1.26125
1.19533
1.13716
1.08518
1.03826
0.99556
0.956407
0.920288
0.886791
0.855581
0.826381
0.798964
0.773137
0.748738
0.725627
0.703685
0.682808
0.66779
0.658065
0.64856
0.639264
0.63017
0.621271
0.612559
0.604027
0.595669
0.587479
0.579449
0.571576
0.563854
0.556277
0.548842
0.541542
0.534375
0.527335
0.52042
0.513625
