3.75182
1.54243
1.20615
1.18328
1.16838
1.10237
1.02567
0.962543
0.916849
0.885476
0.864416
0.850411
0.841133
0.834992
0.830928
0.828236
0.826452
0.825268
0.824482
0.82396
0.823613
0.823382
0.823229
0.823127
0.823059
0.823014
0.822984
0.822964
0.82295
0.822941
0.822936
0.822932
0.822929
0.822927
0.822926
0.822925
0.822925
0.822924
0.822924
0.822924
0.822924
0.822924
0.822924
0.822924
0.822924
0.822924
0.822924
0.822924
0.822924
0.822924
0.822924
0.822924
0.822924
0.822924
0.822924
0.822924
0.822924
0.822924
0.822924
0.822924
0.822924
0.822924
0.822924
0.822924
0.822924
0.822924
0.822924
0.822924
0.822924
0.822924
0.822924
0.822924
0.822924
0.822924
0.822924
0.822924
0.822924
0.822924
0.822924
0.822924
0.822924
0.822924
0.822924
0.822924
0.822924
0.822924
0.822924
0.822924
0.822924
0.822924
0.822924
0.822924
0.822924
0.822924
0.822924
0.822924
0.822924
0.822924
0.822924
0.822924
0.822924
0.822924
0.822924
0.822924
0.822924
0.822924
0.822924
0.822924
0.822924
0.822924
0.822924
0.822924
0.822924
0.822924
0.822924
0.822924
0.822924
0.822924
0.822924
0.822924
0.822924
0.822924
0.822924
0.822924
0.822924
0.822924
0.822924
0.822924
0.822924
0.822924
0.822924
0.822924
0.822924
0.822924
0.822924
0.822924
0.822924
0.822924
0.822924
0.822924
0.822924
0.822924
0.822924
0.822924
0.822924
0.822924
0.822924
0.822924
0.822924
0.822924
0.822924
0.822924
0.822924
0.822924
0.822924
0.822924
0.822924
0.822924
0.822924
0.822924
0.822924
0.822924
0.822924
0.822924
0.822924
0.822924
0.822924
0.822924
0.822924
0.822924
0.822924
0.822924
0.822924
0.822924
0.822924
