3.75165
1.42969
0.818533
0.456273
0.229115
0.0868467
-0.00512346
-0.0673258
-0.110993
-0.142387
-0.165257
-0.182033
-0.194383
-0.203496
-0.210233
-0.215221
-0.21892
-0.221669
-0.223713
-0.225237
-0.226374
-0.227224
-0.22786
-0.228336
-0.228693
-0.228961
-0.229162
-0.229313
-0.229427
-0.229512
-0.230186
-0.230542
-0.230703
-0.230803
-0.230873
-0.230924
-0.230964
-0.230994
-0.231018
-0.231037
-0.231052
-0.231064
-0.231073
-0.231081
-0.231087
-0.231092
-0.231096
-0.231099
-0.231102
-0.231104
-0.231195
-0.231198
-0.2312
-0.231201
-0.231202
-0.231203
-0.231204
-0.231205
-0.231205
-0.231206
-0.231206
-0.231206
-0.231207
-0.231207
-0.231207
-0.231208
-0.231208
-0.231208
-0.231208
-0.231209
-0.231209
-0.231209
-0.231209
-0.231209
-0.231209
-0.231209
-0.23121
-0.23121
-0.23121
-0.23121
-0.23121
-0.23121
-0.23121
-0.23121
-0.23121
-0.23121
-0.23121
-0.23121
-0.23121
-0.23121
-0.23121
-0.23121
-0.231211
-0.231211
-0.231211
-0.231211
-0.231211
-0.231211
-0.231211
-0.231211
-0.231211
-0.231211
-0.231211
-0.231211
-0.231211
-0.231211
-0.231211
-0.231211
-0.231211
-0.231211
-0.231211
-0.231211
-0.231211
-0.231211
-0.231211
-0.231211
-0.231211
-0.231211
-0.231211
-0.231211
-0.231211
-0.231211
-0.231211
-0.231211
-0.231211
-0.231211
-0.231211
-0.231211
-0.231211
-0.231211
-0.231211
-0.231211
-0.231211
-0.231211
-0.231211
-0.231211
-0.231211
-0.231211
-0.231211
-0.231211
-0.231211
-0.231211
-0.231211
-0.231211
-0.231211
-0.231211
-0.231211
-0.231211
-0.231211
-0.231211
-0.231211
-0.231211
-0.231211
-0.231211
-0.231211
-0.231211
-0.231211
-0.231211
-0.231211
-0.231211
-0.231211
-0.231211
-0.231211
-0.231211
-0.231211
-0.231211
-0.231211
-0.231211
-0.231211
-0.231211
-0.231211
-0.231211
-0.231211
-0.231211
-0.231211
