10.4823
3.47663
2.12677
1.573
1.27327
1.08602
0.956675
0.860117
0.783932
0.72175
0.6702
0.627422
0.592327
0.56422
0.542615
0.52714
0.517493
0.513417
0.514684
0.521083
0.532412
0.548468
0.569036
0.593885
0.622756
0.121089
0.110473
0.102098
0.0942009
0.0865686
0.0791354
0.071872
0.0647627
0.057798
0.050972
0.0442808
0.0377221
0.0312946
0.0249978
0.0188318
0.012797
0.00689437
0.00112478
-0.0045106
-0.0100106
-0.0153741
-0.0206
-0.0256874
-0.0306356
-0.0354439
-0.0850847
-0.0884942
-0.0913931
-0.0941802
-0.0969015
-0.0995704
-0.102192
-0.104769
-0.107304
-0.109795
-0.112246
-0.114655
-0.117024
-0.119352
-0.121639
-0.123887
-0.126096
-0.128265
-0.130394
-0.132485
-0.134538
-0.136552
-0.138528
-0.140467
-0.142368
-0.149342
-0.150432
-0.151397
-0.152334
-0.153256
-0.154165
-0.155064
-0.155953
-0.156832
-0.157702
-0.158563
-0.159414
-0.160257
-0.16109
-0.161915
-0.162731
-0.163539
-0.164338
-0.165129
-0.165911
-0.166684
-0.16745
-0.168207
-0.168956
-0.169697
-0.171091
-0.171499
-0.171872
-0.172238
-0.1726
-0.172959
-0.173316
-0.173671
-0.174023
-0.174373
-0.174721
-0.175068
-0.175412
-0.175754
-0.176095
-0.176433
-0.176769
-0.177104
-0.177437
-0.177767
-0.178096
-0.178423
-0.178749
-0.179072
-0.179394
-0.179764
-0.179936
-0.180098
-0.180258
-0.180417
-0.180575
-0.180733
-0.18089
-0.181046
-0.181202
-0.181358
-0.181513
-0.181667
-0.181822
-0.181975
-0.182129
-0.182281
-0.182434
-0.182586
-0.182737
-0.182888
-0.183039
-0.183189
-0.183339
-0.183488
-0.183617
-0.183694
-0.183769
-0.183843
-0.183918
-0.183992
-0.184065
-0.184139
-0.184213
-0.184286
-0.18436
-0.184433
-0.184506
-0.184579
-0.184652
-0.184725
-0.184798
-0.184871
-0.184943
-0.185015
-0.185088
-0.18516
-0.185232
-0.185304
-0.185376
-0.185431
-0.185467
-0.185503
-0.185539
-0.185575
-0.18561
-0.185646
-0.185682
-0.185718
-0.185753
-0.185789
-0.185824
-0.18586
-0.185896
-0.185931
-0.185967
-0.186002
-0.186038
-0.186073
-0.186108
-0.186144
-0.186179
-0.186214
-0.18625
-0.186285
-0.186311
-0.186329
-0.186346
-0.186364
-0.186381
-0.186399
-0.186416
-0.186434
-0.186451
-0.186469
-0.186487
-0.186504
-0.186522
-0.186539
-0.186557
-0.186574
-0.186592
-0.186609
-0.186627
-0.186644
-0.186662
-0.186679
-0.186697
-0.186714
-0.186732
-0.186745
-0.186753
-0.186762
-0.186771
-0.186779
-0.186788
-0.186797
-0.186805
-0.186814
-0.186823
-0.186831
-0.18684
-0.186849
-0.186857
-0.186866
-0.186875
-0.186884
-0.186892
-0.186901
-0.18691
-0.186918
-0.186927
-0.186936
-0.186944
-0.186953
