14.661
5.45139
3.35171
2.38952
1.83408
1.47289
1.21992
1.03387
0.892396
0.782129
0.694452
0.623508
0.565186
0.516539
0.475422
0.440255
0.409857
0.383336
0.360007
0.339339
0.320911
0.304388
0.289498
0.276015
0.263755
0.25256
0.242298
0.232854
0.224128
0.216035
0.208498
0.201451
0.194833
0.18859
0.182675
0.177042
0.171653
0.166471
0.161461
0.156594
0.151841
0.147176
0.142573
0.138009
0.133464
0.128917
0.12435
0.119744
0.115085
0.110356
0.105544
0.100636
0.095621
0.0904884
0.0852294
0.0798366
0.0743038
0.0686265
0.0628016
0.0568277
0.0507051
0.0444356
0.0380231
0.031473
0.0247925
0.0179904
0.0110773
0.00406537
-0.00303195
-0.0101998
-0.017422
-0.0246817
-0.0319612
-0.0392421
-0.0465057
-0.0537334
-0.0609066
-0.0680069
-0.0750169
-0.0819196
-0.0886991
-0.0953406
-0.101831
-0.108157
-0.114309
-0.120277
-0.126053
-0.131631
-0.137007
-0.142176
-0.147138
-0.15189
-0.156433
-0.160769
-0.164901
-0.168831
-0.172563
-0.176103
-0.179455
-0.182626
-0.185621
-0.188446
-0.19111
-0.193617
-0.195975
-0.198191
-0.200272
-0.202223
-0.204053
-0.205766
-0.20737
-0.20887
-0.210273
-0.211584
-0.212808
-0.213951
-0.215017
-0.216011
-0.216938
-0.217802
-0.218606
-0.219356
-0.220054
-0.220703
-0.221307
-0.22187
-0.222393
-0.222879
-0.223331
-0.223751
-0.224142
-0.224505
-0.224842
-0.225156
-0.225447
-0.225717
-0.225968
-0.226201
-0.226418
-0.226619
-0.226806
-0.226979
-0.22714
-0.227289
-0.227427
-0.227556
-0.227675
-0.227786
-0.227889
-0.227984
-0.228072
-0.228154
-0.22823
-0.228301
-0.228366
-0.228427
-0.228484
-0.228536
-0.228584
-0.228629
-0.228671
-0.22871
-0.228746
-0.228779
-0.22881
-0.228839
-0.228865
-0.22889
-0.228913
-0.228934
-0.228953
-0.228972
-0.228988
-0.229004
-0.229019
