3.75182
1.44442
0.866257
0.531793
0.317553
0.176269
0.0783062
0.00648514
-0.0482845
-0.0908159
-0.123936
-0.149594
-0.169312
-0.184348
-0.195736
-0.20432
-0.210767
-0.215599
-0.219216
-0.221922
-0.223947
-0.225462
-0.226596
-0.227446
-0.228083
-0.22856
-0.228919
-0.229188
-0.22939
-0.229542
-0.229657
-0.229743
-0.229807
-0.229856
-0.229893
-0.22992
-0.229941
-0.229957
-0.229968
-0.229977
-0.229984
-0.229989
-0.229993
-0.229995
-0.229998
-0.229999
-0.23
-0.230001
-0.230002
-0.230002
-0.230003
-0.230003
-0.230003
-0.230003
-0.230003
-0.230003
-0.230004
-0.230004
-0.230004
-0.230004
-0.230004
-0.230004
-0.230004
-0.230004
-0.230004
-0.230004
-0.230004
-0.230004
-0.230004
-0.230004
-0.230004
-0.230004
-0.230004
-0.230004
-0.230004
-0.230531
-0.230797
-0.230907
-0.23097
-0.231012
-0.23104
-0.231061
-0.231076
-0.231087
-0.231095
-0.231101
-0.231105
-0.231109
-0.231111
-0.231113
-0.231114
-0.231114
-0.231115
-0.231115
-0.231115
-0.231115
-0.231115
-0.231115
-0.231114
-0.231114
-0.231114
-0.231114
-0.231113
-0.231113
-0.231113
-0.231113
-0.231112
-0.231112
-0.231112
-0.231112
-0.231112
-0.231112
-0.231111
-0.231111
-0.231111
-0.231111
-0.231111
-0.231111
-0.231111
-0.231111
-0.231111
-0.231111
-0.231111
-0.231111
-0.231111
-0.231111
-0.231111
-0.231111
-0.231111
-0.23111
-0.23111
-0.23111
-0.23111
-0.23111
-0.23111
-0.23111
-0.23111
-0.23111
-0.23111
-0.23111
-0.23111
-0.23111
-0.23111
-0.23111
-0.23111
-0.23111
-0.23111
-0.23111
-0.23111
-0.23111
-0.23111
-0.23111
-0.23111
-0.23111
-0.23111
-0.23111
-0.23111
-0.23111
-0.23111
-0.23111
-0.23111
-0.23111
-0.23111
-0.23111
-0.23111
-0.23111
-0.23111
-0.23111
-0.23111
-0.23111
-0.23111
-0.23111
-0.23111
-0.23111
-0.23111
