3.75165
1.42971
0.818594
0.456362
0.229205
0.0869046
-0.00512554
-0.0674019
-0.111142
-0.142598
-0.165514
-0.18232
-0.194687
-0.203806
-0.210543
-0.215526
-0.219218
-0.221958
-0.223995
-0.225511
-0.226641
-0.227485
-0.228116
-0.228588
-0.228941
-0.229206
-0.229405
-0.229554
-0.229666
-0.22975
-0.229813
-0.22986
-0.229896
-0.229923
-0.229943
-0.229958
-0.22997
-0.229978
-0.229985
-0.22999
-0.229993
-0.229996
-0.229998
-0.229999
-0.230001
-0.230001
-0.230002
-0.230002
-0.230003
-0.230003
-0.230003
-0.230003
-0.230003
-0.230004
-0.230004
-0.230004
-0.230004
-0.230004
-0.230004
-0.230004
-0.230004
-0.230004
-0.230004
-0.230004
-0.230004
-0.230004
-0.230004
-0.230004
-0.230004
-0.230004
-0.230004
-0.230004
-0.230004
-0.230004
-0.230004
-0.230004
-0.230004
-0.230004
-0.230004
-0.230004
-0.230004
-0.230004
-0.230004
-0.230004
-0.230004
-0.230004
-0.230004
-0.230004
-0.230004
-0.230004
-0.230004
-0.230004
-0.230004
-0.230004
-0.230004
-0.230004
-0.230004
-0.230004
-0.230004
-0.230004
-0.230004
-0.230004
-0.230004
-0.230004
-0.230004
-0.230004
-0.230004
-0.230004
-0.230004
-0.230004
-0.230004
-0.230004
-0.230004
-0.230004
-0.230004
-0.230004
-0.230004
-0.230004
-0.230004
-0.230004
-0.230004
-0.230004
-0.230004
-0.230004
-0.230004
-0.230004
-0.230004
-0.230004
-0.230004
-0.230004
-0.230004
-0.230004
-0.230004
-0.230004
-0.230004
-0.230004
-0.230004
-0.230004
-0.230004
-0.230004
-0.230004
-0.230004
-0.230004
-0.230004
-0.230004
-0.230004
-0.230004
-0.230004
-0.230004
-0.230004
-0.230004
-0.230004
-0.230004
-0.230004
-0.230004
-0.230004
-0.230004
-0.230004
-0.230004
-0.230004
-0.230004
-0.230004
-0.230004
-0.230004
-0.230004
-0.230004
-0.230004
-0.230004
-0.230004
-0.230004
-0.230004
-0.230004
-0.230004
-0.230004
-0.230004
