15.113
4.96256
3.04925
2.26817
1.83457
1.54627
1.33072
1.15701
1.01035
0.883045
0.77079
0.67101
0.582021
0.502592
0.431724
0.36854
0.312233
0.262053
0.217305
0.177349
0.141607
0.109563
0.0807609
0.0548017
0.0313399
0.0100773
-0.00924273
-0.0268405
-0.0429053
-0.0576001
-0.0678295
-0.0742706
-0.0804422
-0.0863577
-0.0920293
-0.0974687
-0.102687
-0.107693
-0.112499
-0.117111
-0.121539
-0.125791
-0.129875
-0.133797
-0.137565
-0.141184
-0.144662
-0.148003
-0.151214
-0.154299
-0.156563
-0.158016
-0.15944
-0.160837
-0.162205
-0.163547
-0.164863
-0.166153
-0.167418
-0.168657
-0.169873
-0.171065
-0.172233
-0.173379
-0.174502
-0.175603
-0.176683
-0.177742
-0.17878
-0.179797
-0.180795
-0.181774
-0.182733
-0.183673
-0.184595
-0.185499
-0.186386
-0.187255
-0.188107
-0.188943
-0.189762
-0.190565
-0.191353
-0.192125
-0.192882
-0.193625
-0.194353
-0.195066
-0.195766
-0.196452
-0.197125
-0.197785
-0.198431
-0.199066
-0.199687
-0.200297
-0.200895
-0.201481
-0.202056
-0.20262
-0.203172
-0.203714
-0.204245
-0.204766
-0.205277
-0.205778
-0.206269
-0.20675
-0.207223
-0.207686
-0.20814
-0.208585
-0.209021
-0.209449
-0.209869
-0.210281
-0.210684
-0.21108
-0.211468
-0.211848
-0.212221
-0.212587
-0.212946
-0.213298
-0.213643
-0.213981
-0.214313
-0.214638
-0.214957
-0.21527
-0.215576
-0.215877
-0.216172
-0.216461
-0.216745
-0.217023
-0.217296
-0.217563
-0.217826
-0.218083
-0.218335
-0.218583
-0.218825
-0.219063
-0.219297
-0.219525
-0.21975
-0.21997
-0.220186
-0.220397
-0.220605
-0.220809
-0.221008
-0.221204
-0.221396
-0.221585
-0.221769
-0.221951
-0.222128
-0.222303
-0.222474
-0.222641
-0.222806
-0.222967
-0.223125
-0.22328
-0.223432
-0.223582
-0.223728
-0.223872
-0.224012
-0.224151
-0.224286
-0.224419
-0.224549
